
0000000        0000000        000000             000       0000000000      000         000
000     000    000     00     000    000           000     000        000    000         000
00       000  000       00   000                   000    000          000   000         000
00       000  000      000   00  0000              000    000                000         000
000     0000   000    0000   0000    000           000   000                 000         000
  000000 000     00000  00   000      000          000    000                000         000
         00            000   00       000          000    000          00    000         000
000     000    00      00     00      00    000    000     0000      0000     000       000
  0000000       00000000       00000000     000    000       0000000000        0000000000
